Frequency	Magnitude
0.001	1
0.00125893	1
0.00158489	1
0.00199526	1
0.00251189	1
0.00316228	1
0.00398107	1
0.00501187	1
0.00630957	0.999999
0.00794328	0.999999
0.01	0.999998
0.0125893	0.999998
0.0158489	0.999996
0.0199526	0.999994
0.0251189	0.99999
0.0316228	0.999985
0.0398107	0.999975
0.0501187	0.999961
0.0630957	0.999938
0.0794328	0.999902
0.1	0.999845
0.125893	0.999755
0.158489	0.999611
0.199526	0.999384
0.251189	0.999025
0.316228	0.998456
0.398107	0.997556
0.501187	0.996135
0.630957	0.993895
0.794328	0.990376
1	0.984875
1.25893	0.97634
1.58489	0.963256
1.99526	0.943556
2.51189	0.914668
3.16228	0.873867
3.98107	0.819083
5.01187	0.750068
6.30957	0.669322
7.94328	0.581938
10	0.49416
12.5893	0.411505
15.8489	0.337588
19.9526	0.273979
25.1189	0.220708
31.6228	0.176912
39.8107	0.141345
50.1187	0.11269
63.0957	0.0897236
79.4328	0.0713761
100	0.0567494
125.893	0.0451045
158.489	0.0358412
199.526	0.0284765
251.189	0.022623
316.228	0.0179718
398.107	0.0142764
501.187	0.0113406
630.957	0.00900833
794.328	0.00715568
1000	0.00568401
1258.93	0.004515
1584.89	0.0035864
1995.26	0.00284879
2511.89	0.00226288
3162.28	0.00179747
3981.07	0.00142778
5011.87	0.00113413
6309.57	0.00090087
7943.28	0.000715586
10000	0.00056841
12589.3	0.000451504
15848.9	0.000358643
19952.6	0.00028488
25118.9	0.000226288
31622.8	0.000179747
39810.7	0.000142778
50118.7	0.000113413
63095.7	9.0087e-05
79432.8	7.15586e-05
100000	5.68411e-05
